0 0.339 0.7466666666666667 0.076 0.102
1 0.4455 0.29433333333333334 0.097 0.12933333333333333
1 0.7645 0.29933333333333334 0.105 0.13266666666666665
2 0.296 0.39216666666666666 0.066 0.09233333333333334
2 0.3605 0.499 0.067 0.09533333333333334
2 0.6265 0.5241666666666667 0.071 0.09366666666666666
2 0.755 0.7521666666666667 0.072 0.097
3 0.413 0.635 0.092 0.12466666666666666
4 0.649 0.24183333333333334 0.086 0.11166666666666666
5 0.777 0.45616666666666666 0.11 0.14233333333333334
5 0.472 0.4585 0.102 0.13766666666666666
1 0.5465 0.6301666666666667 0.097 0.131